300.0000 0.1149
311.0132 0.2069
319.8238 0.4023
330.8370 0.6207
350.6608 0.8276
370.4846 0.9425
390.3084 0.9770
410.1322 1.0115
440.9692 0.9655
460.7930 0.8736
480.6167 0.7701
489.4273 0.6437
500.4405 0.5517
520.2643 0.4253
529.0749 0.3218
551.1013 0.3793
570.9251 0.3678
579.7357 0.2644
599.5595 0.1839
619.3833 0.2069
650.2203 0.1954
670.0441 0.3448
681.0573 0.5287
689.8678 0.6782
700.8811 0.7931
700.8811 0.8966
720.7048 0.9770
729.5154 1.0575
760.3524 1.0460
780.1762 1.0575
788.9868 1.0460
800.0000 1.0345

