302.1930 0.0111
326.3158 0.0111
350.4386 0.0111
372.3684 0.0000
394.2982 0.0111
418.4211 0.0222
433.7719 0.0444
446.9298 0.1000
457.8947 0.1556
468.8596 0.2222
475.4386 0.3111
484.2105 0.4000
492.9825 0.4889
499.5614 0.5667
510.5263 0.6444
521.4912 0.7111
539.0351 0.7556
558.7719 0.7111
571.9298 0.6556
580.7018 0.5889
591.6667 0.5222
600.4386 0.4556
613.5965 0.3889
626.7544 0.3444
642.1053 0.3000
659.6491 0.2444
679.3860 0.2222
699.1228 0.2111
716.6667 0.2556
734.2105 0.2889
749.5614 0.3333
769.2982 0.3667
789.0351 0.3778
808.7719 0.3667

